4 1 2 4 56
4 1 2 12 48
4 1 2 36 56
4 1 2 52 56
4 1 6 40 48
4 1 6 58 60
4 1 10 52 56
4 1 12 52 58
4 1 14 50 60
4 1 18 36 56
4 1 18 44 48
4 1 24 40 54
4 1 24 42 52
4 1 28 44 50
4 1 34 36 56
4 1 34 52 56
4 1 38 58 60
4 1 42 52 56
4 1 44 52 58
4 1 50 52 56
4 1 54 58 60
4 2 4 8 48
4 2 4 40 48
4 2 12 52 56
4 2 20 40 48
4 2 24 40 52
4 2 36 40 48
4 2 44 52 56
4 3 12 52 56
4 3 12 53 58
4 3 20 40 48
4 3 24 40 52
4 3 28 37 58
4 3 28 44 50
4 3 36 40 48
4 3 37 58 60
4 3 44 52 56
4 3 44 52 58
4 3 44 53 58
4 3 53 58 60
4 4 8 16 32
4 4 24 40 48
4 5 10 50 60
4 5 10 52 56
4 5 12 50 56
4 5 24 42 52
4 5 42 52 56
4 6 10 49 60
4 6 10 52 57
4 6 24 40 48
4 6 24 42 52
4 6 25 42 52
4 6 28 35 56
4 6 33 58 60
4 6 34 57 60
4 6 41 50 60
4 6 42 52 56
4 6 42 52 57
4 6 42 53 56
4 6 49 58 60
4 6 50 57 60
4 6 57 58 60
4 7 24 40 48
4 7 25 42 52
4 7 33 58 60
4 7 49 58 60
4 7 57 58 60
4 7 59 61 62
4 9 18 36 56
4 9 18 40 52
4 9 20 36 58
4 9 24 38 48
4 9 34 52 56
4 9 40 50 52
4 9 50 52 56
4 9 54 58 60
4 9 55 58 60
4 10 20 36 56
4 10 20 38 57
4 10 20 40 48
4 10 54 57 60
4 11 54 57 60
4 12 20 35 56
4 12 20 40 50
4 12 20 40 51
4 12 20 41 50
4 12 21 42 48
4 12 33 52 58
4 12 34 52 56
4 12 35 52 56
4 12 36 49 58
4 12 36 50 56
4 12 36 51 56
4 12 37 50 56
4 12 49 52 58
4 12 50 52 56
4 12 51 52 56
4 12 52 57 58
4 13 50 52 56
4 13 54 58 60
4 13 54 59 60
4 14 33 50 60
4 14 49 50 60
4 14 49 58 60
4 14 50 52 56
4 14 50 52 57
4 14 54 57 60
4 14 54 58 60
4 14 54 58 61
4 14 54 59 61
4 15 49 50 60
4 15 50 52 56
4 15 51 61 62
4 17 18 36 40
4 17 34 36 56
4 17 34 44 48
4 17 34 52 56
4 17 38 58 60
4 17 42 52 56
4 17 44 52 58
4 17 45 54 58
4 17 46 50 60
4 17 46 52 56
4 17 47 50 60
4 18 36 40 48
4 18 38 57 60
4 18 44 52 56
4 18 46 49 60
4 18 46 52 56
4 18 46 52 57
4 18 47 52 56
4 19 37 42 60
4 19 37 58 60
4 19 44 53 58
4 19 46 49 60
4 19 47 52 56
4 20 36 57 58
4 20 44 49 58
4 20 44 50 56
4 20 44 51 56
4 20 46 49 56
4 21 36 42 56
4 21 42 52 56
4 21 46 50 57
4 22 34 44 57
4 22 42 49 60
4 22 44 50 57
4 22 46 49 56
4 24 33 40 54
4 24 33 42 52
4 24 34 40 52
4 24 35 40 52
4 24 36 40 48
4 24 38 40 48
4 24 39 40 48
4 24 40 49 54
4 24 40 50 52
4 24 41 50 52
4 25 38 42 52
4 25 39 58 60
4 25 42 52 56
4 25 42 55 60
4 25 45 54 58
4 25 46 50 52
4 25 46 54 56
4 25 46 55 56
4 26 33 40 52
4 26 33 44 52
4 26 34 37 60
4 26 34 44 52
4 26 35 37 60
4 26 37 50 60
4 26 38 57 60
4 26 41 54 60
4 26 42 53 60
4 26 44 50 52
4 26 44 54 56
4 26 44 54 57
4 26 44 55 56
4 26 45 50 52
4 26 46 53 56
4 27 34 44 52
4 27 45 54 56
4 28 33 34 48
4 28 33 34 56
4 28 33 36 58
4 28 33 44 50
4 28 34 36 56
4 28 34 40 48
4 28 35 36 56
4 28 35 40 48
4 28 35 44 50
4 28 35 52 56
4 28 36 40 48
4 28 36 40 50
4 28 36 40 51
4 28 36 41 50
4 28 37 42 50
4 28 41 50 52
4 28 41 54 56
4 28 44 49 50
4 28 44 49 58
4 28 44 50 56
4 28 44 51 56
4 28 44 52 56
4 28 44 52 58
4 28 44 52 59
4 28 44 53 58
4 28 44 54 58
4 28 44 54 59
4 28 44 55 59
4 28 45 54 59
4 28 46 54 57
4 29 33 38 58
4 29 45 54 58
4 29 46 49 50
4 29 46 51 60
4 30 33 34 60
4 30 33 36 56
4 30 33 38 56
4 30 33 40 48
4 30 34 36 56
4 30 34 36 57
4 30 34 44 49
4 30 36 40 48
4 30 36 40 49
4 30 38 41 49
4 30 46 51 61
4 30 46 54 57
4 31 33 34 60
4 31 33 38 56
4 31 34 36 56
4 31 36 40 48
4 33 34 36 56
4 33 34 52 56
4 33 38 58 60
4 33 42 52 56
4 33 44 52 58
4 33 50 52 56
4 33 54 58 60
4 34 36 40 48
4 34 44 52 56
4 35 44 52 56
4 35 44 53 58
4 35 53 58 60
4 37 42 50 60
4 37 42 52 56
4 38 42 52 57
4 38 49 58 60
4 38 50 57 60
4 38 57 58 60
4 39 57 58 60
4 39 59 61 62
4 41 50 52 56
4 41 54 58 60
4 41 55 58 60
4 42 54 57 60
4 44 49 52 58
4 44 50 52 56
4 44 51 52 56
4 44 52 57 58
4 45 49 54 58
4 45 54 57 58
4 45 54 59 60
4 46 49 50 60
4 46 49 52 56
4 46 50 52 56
4 46 50 52 57
4 46 54 57 60
4 46 54 58 60
4 46 54 58 61
4 46 54 59 61
4 47 49 50 60
4 47 50 52 56
4 49 50 52 56
4 49 54 58 60
4 54 57 58 60
4 55 57 58 60
4 55 59 61 62
5 1 2 4 8 48
5 1 2 4 40 48
5 1 2 12 52 56
5 1 2 20 40 48
5 1 2 24 40 52
5 1 2 36 40 48
5 1 2 44 52 56
5 1 6 24 40 48
5 1 6 24 42 52
5 1 6 42 52 56
5 1 10 20 36 56
5 1 10 20 40 48
5 1 12 20 40 50
5 1 12 34 52 56
5 1 12 36 50 56
5 1 12 50 52 56
5 1 14 50 52 56
5 1 14 54 58 60
5 1 18 36 40 48
5 1 18 44 52 56
5 1 18 46 52 56
5 1 20 44 50 56
5 1 24 34 40 52
5 1 24 38 40 48
5 1 24 40 50 52
5 1 26 34 44 52
5 1 26 44 50 52
5 1 26 44 54 56
5 1 28 34 36 56
5 1 28 34 40 48
5 1 28 36 40 50
5 1 28 44 50 56
5 1 28 44 52 58
5 1 28 44 54 58
5 1 30 34 36 56
5 1 30 36 40 48
5 1 34 36 40 48
5 1 34 44 52 56
5 1 44 50 52 56
5 1 46 50 52 56
5 1 46 54 58 60
5 2 4 8 16 32
5 2 4 24 40 48
5 2 24 36 40 48
5 2 28 36 40 48
5 2 28 44 52 56
5 3 5 10 52 56
5 3 5 24 42 52
5 3 5 42 52 56
5 3 10 20 36 56
5 3 12 34 52 56
5 3 12 50 52 56
5 3 13 50 52 56
5 3 13 54 58 60
5 3 14 54 57 60
5 3 17 44 52 58
5 3 17 46 52 56
5 3 18 44 52 56
5 3 20 44 50 56
5 3 20 46 49 56
5 3 21 36 42 56
5 3 21 42 52 56
5 3 24 36 40 48
5 3 26 33 44 52
5 3 28 33 44 50
5 3 28 34 36 56
5 3 28 36 40 48
5 3 28 36 40 50
5 3 28 36 41 50
5 3 28 41 50 52
5 3 28 41 54 56
5 3 28 44 49 50
5 3 28 44 49 58
5 3 28 44 50 56
5 3 28 44 52 56
5 3 28 44 52 58
5 3 28 44 53 58
5 3 28 44 54 58
5 3 28 46 54 57
5 3 29 45 54 58
5 3 30 33 36 56
5 3 30 36 40 48
5 3 30 36 40 49
5 3 33 44 52 58
5 3 34 44 52 56
5 3 37 42 52 56
5 3 44 49 52 58
5 3 44 50 52 56
5 3 44 52 57 58
5 3 46 49 52 56
5 3 46 54 57 60
5 5 6 24 40 48
5 5 9 18 34 60
5 5 10 20 40 48
5 5 10 33 50 60
5 5 10 34 52 56
5 5 10 35 52 56
5 5 10 49 50 60
5 5 10 54 57 60
5 5 12 54 57 58
5 5 18 42 49 60
5 5 24 36 40 50
5 5 25 46 54 56
5 5 26 33 34 60
5 5 26 36 40 48
5 5 26 38 57 60
5 5 26 41 54 60
5 5 26 44 54 56
5 5 26 44 54 57
5 5 28 34 40 48
5 5 28 38 57 58
5 5 28 41 54 58
5 5 28 44 50 56
5 5 28 44 51 58
5 5 28 46 51 56
5 5 38 57 58 60
5 5 41 54 58 60
5 5 42 54 57 60
5 5 44 54 57 58
5 5 54 57 58 60
5 6 9 18 36 56
5 6 9 49 58 60
5 6 10 20 40 48
5 6 10 20 40 49
5 6 10 36 49 56
5 6 11 53 58 60
5 6 12 52 57 58
5 6 17 33 58 60
5 6 17 42 52 56
5 6 18 41 52 56
5 6 24 33 42 52
5 6 24 34 41 52
5 6 24 36 40 48
5 6 24 41 50 52
5 6 24 42 49 52
5 6 25 34 36 56
5 6 25 34 40 52
5 6 25 42 52 56
5 6 26 33 40 52
5 6 26 42 53 60
5 6 26 43 53 60
5 6 28 34 40 48
5 6 28 34 40 49
5 6 28 35 40 48
5 6 28 42 53 56
5 6 28 44 49 58
5 6 28 44 50 56
5 6 28 44 50 57
5 6 28 44 51 56
5 6 29 34 40 48
5 6 33 42 52 56
5 6 34 41 52 56
5 6 41 50 52 56
5 6 42 49 52 56
5 6 43 53 58 60
5 6 44 52 57 58
5 7 11 53 58 60
5 7 12 52 57 58
5 7 14 49 58 60
5 7 26 38 57 60
5 7 26 44 54 57
5 7 28 44 49 58
5 7 38 57 58 60
5 7 43 53 58 60
5 7 44 52 57 58
5 7 54 57 58 60
5 9 10 49 54 60
5 9 12 50 52 56
5 9 14 49 50 60
5 9 14 50 52 56
5 9 14 50 53 56
5 9 17 38 58 60
5 9 17 42 54 60
5 9 18 36 40 48
5 9 18 44 52 56
5 9 18 46 53 56
5 9 20 34 36 56
5 9 20 36 50 56
5 9 20 44 50 56
5 9 21 46 50 56
5 9 22 42 49 60
5 9 22 42 53 56
5 9 22 44 50 56
5 9 22 46 49 56
5 9 24 34 36 48
5 9 24 40 50 52
5 9 24 42 53 54
5 9 24 44 50 52
5 9 24 46 49 54
5 9 24 46 50 52
5 9 24 46 50 53
5 9 26 37 50 60
5 9 26 44 49 54
5 9 26 44 50 52
5 9 26 44 50 53
5 9 26 46 49 52
5 9 28 39 50 56
5 9 33 54 58 60
5 9 38 49 58 60
5 9 42 49 54 60
5 9 42 50 53 60
5 9 42 53 54 56
5 9 44 50 52 56
5 9 46 49 50 60
5 9 46 49 54 56
5 9 46 50 52 56
5 9 46 50 53 56
5 9 49 54 58 60
5 10 12 49 54 56
5 10 12 50 53 56
5 10 13 50 52 56
5 10 17 41 54 60
5 10 17 44 54 56
5 10 18 44 53 56
5 10 20 34 36 56
5 10 20 34 36 57
5 10 20 44 50 56
5 10 20 44 50 57
5 10 24 40 53 54
5 10 24 44 49 54
5 10 24 44 50 52
5 10 24 44 50 53
5 10 24 44 51 52
5 10 24 45 50 52
5 10 25 38 52 56
5 10 28 35 52 56
5 10 28 37 50 56
5 10 28 38 49 56
5 10 28 41 50 52
5 10 28 44 49 50
5 10 44 49 54 56
5 10 44 50 52 56
5 10 44 50 52 57
5 10 44 50 53 56
5 10 44 51 52 56
5 10 45 50 52 56
5 11 21 39 58 60
5 11 22 38 57 60
5 11 24 40 53 54
5 11 28 44 51 52
5 11 38 53 58 60
5 12 17 34 52 56
5 12 17 36 40 50
5 12 17 36 50 56
5 12 18 34 52 56
5 12 18 34 52 57
5 12 18 42 53 56
5 12 19 36 40 48
5 12 20 33 34 56
5 12 20 33 40 50
5 12 20 36 57 58
5 12 20 38 57 58
5 12 20 39 57 58
5 12 20 40 49 50
5 12 20 41 50 56
5 12 21 38 57 58
5 12 21 41 54 58
5 12 21 42 52 56
5 12 21 42 54 57
5 12 21 43 52 58
5 12 21 43 54 56
5 12 22 41 52 58
5 12 22 42 52 56
5 12 22 42 52 57
5 12 22 43 52 56
5 12 23 43 52 56
5 12 24 40 49 54
5 12 24 40 50 52
5 12 24 40 51 52
5 12 24 41 50 52
5 12 26 33 36 48
5 12 33 34 52 56
5 12 33 36 50 56
5 12 33 50 52 56
5 12 36 40 49 50
5 12 36 49 50 56
5 12 37 54 57 58
5 12 38 52 57 58
5 12 39 52 57 58
5 12 41 50 52 56
5 12 49 50 52 56
5 13 14 51 52 56
5 13 17 38 50 56
5 13 18 34 52 56
5 13 22 33 34 56
5 13 22 42 49 60
5 13 22 44 49 58
5 13 24 40 50 52
5 13 24 42 49 54
5 13 33 54 58 60
5 13 35 54 58 60
5 13 42 49 54 56
5 13 44 49 54 58
5 13 44 51 52 58
5 13 49 54 58 60
5 13 54 57 58 60
5 14 17 33 50 60
5 14 17 34 52 56
5 14 17 35 52 56
5 14 18 36 49 56
5 14 19 37 58 60
5 14 21 42 54 57
5 14 21 44 49 58
5 14 22 42 49 60
5 14 22 42 52 56
5 14 22 42 52 57
5 14 22 42 53 57
5 14 22 43 53 56
5 14 24 40 49 54
5 14 24 40 50 52
5 14 24 40 50 53
5 14 24 41 49 54
5 14 25 41 50 52
5 14 25 44 51 52
5 14 28 44 49 50
5 14 33 50 52 56
5 14 33 54 58 60
5 14 34 49 52 56
5 14 35 49 52 56
5 14 35 54 57 60
5 14 37 49 58 60
5 14 38 49 58 60
5 14 38 53 57 58
5 14 41 49 54 56
5 14 44 49 52 58
5 14 44 51 52 56
5 14 49 50 52 56
5 14 49 54 58 60
5 14 54 57 58 60
5 14 55 57 58 60
5 15 17 34 52 56
5 15 24 40 49 54
5 15 24 40 50 52
5 15 33 50 52 56
5 15 49 50 52 56
5 15 49 54 58 60
5 15 55 57 58 60
5 15 55 59 61 62
5 17 18 33 46 60
5 17 18 36 40 48
5 17 18 37 42 60
5 17 18 37 46 56
5 17 18 38 44 56
5 17 18 43 44 52
5 17 20 34 44 56
5 17 20 36 42 56
5 17 20 42 44 48
5 17 22 33 42 60
5 17 22 33 46 56
5 17 22 34 41 60
5 17 24 34 40 52
5 17 24 34 44 48
5 17 24 38 40 48
5 17 26 38 45 48
5 17 28 34 44 48
5 17 28 35 42 52
5 17 28 35 44 50
5 17 28 36 42 48
5 17 28 37 42 50
5 17 28 38 42 48
5 17 30 34 45 48
5 17 30 38 41 48
5 17 33 38 58 60
5 17 33 46 50 60
5 17 33 54 58 60
5 17 34 36 40 48
5 17 34 44 52 56
5 17 35 46 52 56
5 17 37 42 50 60
5 17 38 45 50 56
5 17 41 54 58 60
5 17 44 50 52 56
5 17 45 54 58 60
5 17 46 50 52 56
5 17 46 54 58 60
5 17 47 50 52 56
5 17 47 54 58 60
5 18 20 33 46 56
5 18 20 34 44 56
5 18 20 34 44 57
5 18 20 34 45 56
5 18 20 35 44 56
5 18 20 38 41 56
5 18 20 41 46 48
5 18 20 42 45 48
5 18 24 36 40 48
5 18 25 33 46 52
5 18 25 38 44 48
5 18 28 33 42 52
5 18 28 33 46 48
5 18 28 34 41 52
5 18 28 34 45 48
5 18 28 35 36 56
5 18 28 35 44 48
5 18 28 36 42 48
5 18 28 36 42 49
5 18 28 37 42 48
5 18 33 46 52 56
5 18 34 44 52 56
5 18 34 44 52 57
5 18 34 45 52 56
5 18 35 44 52 56
5 18 37 42 52 56
5 18 38 44 49 56
5 18 46 49 52 56
5 19 24 41 44 54
5 19 28 33 34 44
5 19 28 34 36 40
5 19 28 37 42 48
5 19 28 37 42 56
5 19 28 37 44 58
5 19 34 44 52 56
5 19 35 44 52 56
5 19 41 44 54 56
5 19 45 54 58 60
5 19 46 54 57 60
5 19 47 53 58 60
5 20 24 33 44 50
5 20 24 33 46 48
5 20 24 34 44 48
5 20 24 35 44 48
5 20 24 36 41 50
5 20 24 36 42 48
5 20 24 36 43 48
5 20 24 37 42 48
5 20 25 36 42 48
5 20 25 38 40 48
5 20 26 34 45 48
5 20 33 44 50 56
5 20 36 41 50 56
5 20 44 49 50 56
5 21 24 42 44 50
5 21 26 42 44 49
5 21 28 42 44 51
5 21 33 42 50 60
5 21 38 41 58 60
5 21 38 44 57 58
5 21 38 57 58 60
5 21 41 54 58 60
5 21 42 44 50 56
5 21 42 49 50 60
5 21 42 54 57 60
5 21 46 49 58 60
5 21 46 50 57 60
5 21 46 52 57 58
5 22 24 41 44 50
5 22 24 42 44 49
5 22 28 42 44 49
5 22 34 36 41 56
5 22 38 42 57 60
5 22 38 57 58 60
5 22 39 57 58 60
5 22 41 42 49 60
5 22 41 44 50 56
5 22 42 44 49 56
5 22 42 44 52 57
5 22 45 51 58 60
5 22 46 49 58 60
5 22 46 50 57 60
5 22 46 53 57 58
5 22 47 49 58 60
5 22 47 50 57 60
5 23 24 42 44 49
5 23 42 44 49 56
5 24 33 34 40 52
5 24 33 38 40 48
5 24 33 40 50 52
5 24 34 36 40 48
5 24 40 49 50 52
5 24 41 44 50 52
5 24 41 46 50 53
5 24 42 44 49 54
5 24 42 44 50 53
5 25 28 37 38 58
5 25 30 33 34 36
5 25 33 38 42 52
5 25 33 38 58 60
5 25 33 42 54 60
5 25 33 46 50 52
5 25 33 46 54 56
5 25 35 44 54 56
5 25 37 38 58 60
5 25 37 44 54 58
5 25 38 44 52 58
5 25 38 49 58 60
5 25 39 44 52 58
5 25 41 54 58 60
5 25 42 44 49 54
5 25 42 49 54 60
5 25 42 53 54 56
5 25 45 54 58 60
5 25 46 49 50 52
5 25 46 49 50 60
5 25 46 49 54 56
5 25 46 50 52 56
5 25 46 50 53 56
5 25 46 54 58 60
5 25 46 55 58 60
5 25 47 50 52 56
5 25 47 55 58 60
5 26 28 35 44 52
5 26 28 37 42 52
5 26 33 34 44 52
5 26 33 44 50 52
5 26 33 44 52 56
5 26 33 44 54 56
5 26 34 37 52 56
5 26 34 44 49 52
5 26 34 44 52 56
5 26 34 44 52 57
5 26 34 44 53 56
5 26 37 42 49 60
5 26 37 44 52 56
5 26 37 44 54 57
5 26 37 46 54 57
5 26 38 41 49 60
5 26 38 43 53 60
5 26 38 44 52 56
5 26 38 44 52 57
5 26 41 44 49 54
5 26 42 44 49 52
5 26 44 49 50 52
5 26 44 49 54 56
5 26 44 50 52 56
5 26 44 50 52 57
5 26 44 50 53 56
5 26 45 50 52 56
5 26 46 49 52 56
5 26 46 54 57 60
5 26 46 55 57 60
5 27 33 34 44 52
5 27 34 44 52 56
5 27 35 45 54 60
5 27 37 44 52 58
5 27 37 44 54 56
5 27 38 42 53 60
5 27 38 44 52 56
5 27 39 44 52 56
5 28 33 34 36 56
5 28 33 34 40 48
5 28 33 34 52 56
5 28 33 36 40 50
5 28 33 36 50 56
5 28 33 44 50 56
5 28 33 44 52 58
5 28 33 44 54 58
5 28 34 36 40 48
5 28 34 44 52 56
5 28 35 36 40 48
5 28 35 41 50 52
5 28 35 41 54 56
5 28 35 44 50 56
5 28 35 44 52 56
5 28 35 44 52 58
5 28 35 44 53 58
5 28 35 50 52 56
5 28 36 40 49 50
5 28 36 41 50 56
5 28 37 42 49 50
5 28 37 42 50 56
5 28 37 42 54 57
5 28 37 54 57 58
5 28 38 41 50 56
5 28 38 44 49 58
5 28 38 44 50 57
5 28 38 52 57 58
5 28 39 41 50 56
5 28 39 52 57 58
5 28 41 44 50 52
5 28 41 46 51 52
5 28 41 50 52 56
5 28 42 44 51 52
5 28 44 49 50 56
5 28 44 49 52 58
5 28 44 49 54 58
5 28 44 50 52 56
5 28 44 51 52 56
5 28 44 51 52 58
5 28 44 51 53 58
5 28 44 52 57 58
5 28 44 54 57 58
5 28 44 55 57 58
5 28 45 49 54 58
5 28 45 54 57 58
5 28 46 49 52 56
5 28 46 49 52 58
5 28 46 50 52 56
5 28 46 50 52 57
5 28 46 51 52 56
5 28 46 51 52 57
5 28 47 49 52 58
5 28 47 50 52 56
5 28 47 51 52 56
5 29 33 38 58 60
5 29 33 42 50 52
5 29 33 42 50 60
5 29 33 42 54 56
5 29 33 44 54 58
5 29 33 46 54 58
5 29 35 38 58 60
5 29 35 44 54 58
5 29 38 42 50 60
5 29 38 42 51 60
5 29 45 54 58 60
5 29 46 49 50 56
5 29 46 49 50 60
5 29 46 49 52 58
5 29 46 51 52 56
5 29 46 51 53 58
5 29 46 55 57 58
5 29 46 55 59 60
5 29 47 49 54 58
5 30 33 34 36 56
5 30 33 34 52 56
5 30 33 36 40 48
5 30 33 38 58 60
5 30 33 42 52 56
5 30 33 44 52 56
5 30 33 44 52 58
5 30 34 36 40 48
5 30 34 36 40 49
5 30 34 36 49 56
5 30 34 44 49 56
5 30 34 44 52 56
5 30 34 44 52 57
5 30 35 44 52 56
5 30 35 44 52 57
5 30 35 45 53 58
5 30 37 42 49 56
5 30 37 42 52 57
5 30 37 42 54 57
5 30 37 44 49 58
5 30 38 41 49 56
5 30 38 41 49 60
5 30 38 42 49 60
5 30 38 42 52 57
5 30 38 43 53 56
5 30 38 44 49 56
5 30 39 57 58 60
5 30 41 42 49 52
5 30 41 44 51 52
5 30 43 50 53 60
5 30 43 53 58 60
5 30 45 49 54 58
5 30 45 50 52 56
5 30 46 49 50 60
5 30 46 49 52 56
5 30 46 50 52 56
5 30 46 50 52 57
5 30 46 50 53 57
5 30 46 51 53 57
5 30 46 53 57 58
5 30 46 53 59 60
5 30 46 54 57 60
5 30 46 54 58 60
5 30 46 54 58 61
5 30 46 54 59 61
5 30 46 55 59 61
5 30 47 49 50 60
5 30 47 49 52 56
5 30 47 50 52 56
5 30 47 50 52 57
5 31 33 34 36 56
5 31 33 34 52 56
5 31 33 38 58 60
5 31 33 42 52 56
5 31 33 44 52 58
5 31 34 36 40 48
5 31 34 44 52 56
5 31 35 44 52 56
5 31 35 44 53 58
5 31 37 42 50 60
5 31 37 42 52 56
5 31 38 42 52 57
5 31 47 49 50 60
5 31 47 50 52 56
5 33 34 36 40 48
5 33 34 44 52 56
5 33 44 50 52 56
5 33 46 50 52 56
5 33 46 54 58 60
5 35 37 42 52 56
5 35 44 50 52 56
5 35 46 49 52 56
5 35 46 54 57 60
5 37 42 49 50 60
5 37 42 54 57 60
5 37 44 54 57 58
5 37 54 57 58 60
5 38 41 49 58 60
5 38 43 53 58 60
5 38 44 52 57 58
5 39 43 53 58 60
5 39 44 52 57 58
5 41 42 49 54 60
5 41 44 50 52 56
5 41 46 50 53 56
5 41 49 54 58 60
5 42 44 49 54 56
5 42 44 50 53 56
5 44 49 50 52 56
5 45 49 54 58 60
5 45 51 54 58 60
5 45 54 57 58 60
5 46 49 50 52 56
5 46 49 54 58 60
5 46 54 57 58 60
5 46 55 57 58 60
5 47 49 50 52 56
5 47 49 54 58 60
5 47 55 57 58 60
5 47 55 59 61 62
6 1 2 4 8 16 32
6 1 2 4 24 40 48
6 1 2 24 36 40 48
6 1 2 28 36 40 48
6 1 2 28 44 52 56
6 1 6 10 20 40 48
6 1 6 24 36 40 48
6 1 6 28 34 40 48
6 1 6 28 44 50 56
6 1 10 20 34 36 56
6 1 10 20 44 50 56
6 1 10 24 44 50 52
6 1 10 44 50 52 56
6 1 12 18 34 52 56
6 1 12 22 42 52 56
6 1 12 24 40 50 52
6 1 14 22 42 52 56
6 1 14 24 40 50 52
6 1 18 20 34 44 56
6 1 18 24 36 40 48
6 1 18 28 36 42 48
6 1 18 34 44 52 56
6 1 20 24 34 44 48
6 1 20 24 36 42 48
6 1 24 34 36 40 48
6 1 26 34 44 52 56
6 1 26 38 44 52 56
6 1 26 44 50 52 56
6 1 28 34 36 40 48
6 1 28 34 44 52 56
6 1 28 44 50 52 56
6 1 28 46 50 52 56
6 1 30 34 36 40 48
6 1 30 34 44 52 56
6 1 30 46 50 52 56
6 1 30 46 54 58 60
6 3 5 6 24 40 48
6 3 5 25 46 54 56
6 3 5 26 44 54 56
6 3 5 26 44 54 57
6 3 5 28 34 40 48
6 3 5 28 44 50 56
6 3 5 42 54 57 60
6 3 6 24 36 40 48
6 3 6 28 42 53 56
6 3 6 28 44 49 58
6 3 6 28 44 50 56
6 3 6 28 44 50 57
6 3 6 44 52 57 58
6 3 9 18 44 52 56
6 3 9 20 34 36 56
6 3 9 24 44 50 52
6 3 12 20 33 34 56
6 3 12 20 36 57 58
6 3 12 24 40 49 54
6 3 12 24 40 50 52
6 3 12 24 41 50 52
6 3 12 33 34 52 56
6 3 12 33 50 52 56
6 3 12 41 50 52 56
6 3 13 22 44 49 58
6 3 13 24 40 50 52
6 3 13 33 54 58 60
6 3 13 44 49 54 58
6 3 14 44 49 52 58
6 3 17 20 34 44 56
6 3 17 20 42 44 48
6 3 17 28 36 42 48
6 3 17 34 44 52 56
6 3 17 45 54 58 60
6 3 20 24 33 44 50
6 3 20 24 33 46 48
6 3 20 24 34 44 48
6 3 20 24 37 42 48
6 3 20 33 44 50 56
6 3 20 44 49 50 56
6 3 21 38 41 58 60
6 3 21 38 44 57 58
6 3 21 38 57 58 60
6 3 21 41 54 58 60
6 3 21 46 49 58 60
6 3 21 46 50 57 60
6 3 21 46 52 57 58
6 3 22 28 42 44 49
6 3 22 42 44 52 57
6 3 24 41 44 50 52
6 3 25 37 44 54 58
6 3 25 38 44 52 58
6 3 25 45 54 58 60
6 3 26 28 37 42 52
6 3 26 37 44 52 56
6 3 26 37 44 54 57
6 3 26 38 44 52 56
6 3 26 38 44 52 57
6 3 28 33 34 52 56
6 3 28 33 36 40 50
6 3 28 33 36 50 56
6 3 28 33 44 50 56
6 3 28 33 44 52 58
6 3 28 33 44 54 58
6 3 28 34 36 40 48
6 3 28 34 44 52 56
6 3 28 36 40 49 50
6 3 28 37 42 54 57
6 3 28 37 54 57 58
6 3 28 38 44 49 58
6 3 28 38 44 50 57
6 3 28 38 52 57 58
6 3 28 41 44 50 52
6 3 28 41 50 52 56
6 3 28 44 49 50 56
6 3 28 44 49 52 58
6 3 28 44 49 54 58
6 3 28 44 50 52 56
6 3 28 44 52 57 58
6 3 28 44 54 57 58
6 3 28 45 49 54 58
6 3 28 45 54 57 58
6 3 28 46 49 52 56
6 3 28 46 49 52 58
6 3 28 46 50 52 56
6 3 28 46 50 52 57
6 3 29 33 44 54 58
6 3 29 46 49 52 58
6 3 30 33 36 40 48
6 3 30 33 44 52 56
6 3 30 33 44 52 58
6 3 30 34 44 52 56
6 3 30 34 44 52 57
6 3 30 37 42 52 57
6 3 30 37 44 49 58
6 3 30 38 41 49 60
6 3 30 38 44 49 56
6 3 30 45 50 52 56
6 3 30 46 49 52 56
6 3 30 46 54 57 60
6 3 33 34 44 52 56
6 3 33 44 50 52 56
6 3 37 42 54 57 60
6 3 37 44 54 57 58
6 3 37 54 57 58 60
6 3 38 44 52 57 58
6 3 41 44 50 52 56
6 3 44 49 50 52 56
6 3 45 49 54 58 60
6 3 45 54 57 58 60
6 5 6 25 42 52 56
6 5 9 26 44 50 52
6 5 10 17 34 52 56
6 5 10 18 38 57 60
6 5 10 20 44 50 56
6 5 10 20 44 51 56
6 5 10 22 41 50 60
6 5 10 22 41 52 56
6 5 10 22 44 50 57
6 5 10 28 33 34 48
6 5 10 28 35 52 56
6 5 10 28 41 50 52
6 5 10 28 44 49 50
6 5 10 35 54 57 60
6 5 10 38 50 57 60
6 5 10 44 50 52 56
6 5 10 44 51 52 56
6 5 12 17 42 54 56
6 5 12 20 42 51 56
6 5 12 24 42 50 52
6 5 12 24 42 51 52
6 5 12 24 43 50 52
6 5 12 25 38 50 56
6 5 12 26 35 52 56
6 5 12 26 41 50 52
6 5 12 26 42 49 52
6 5 12 42 50 52 56
6 5 12 42 50 52 57
6 5 12 42 51 52 56
6 5 12 43 50 52 56
6 5 18 24 34 44 48
6 5 18 24 36 40 48
6 5 19 42 44 52 56
6 5 22 24 41 42 52
6 5 22 41 42 52 56
6 5 22 41 44 50 56
6 5 22 42 44 49 56
6 5 24 34 36 40 48
6 5 24 42 44 51 52
6 5 25 46 50 52 56
6 5 25 46 54 58 60
6 5 26 33 44 54 56
6 5 26 34 44 52 56
6 5 26 35 44 52 56
6 5 26 38 41 52 56
6 5 26 42 44 49 52
6 5 26 44 49 54 56
6 5 26 44 50 52 56
6 5 26 44 50 52 57
6 5 26 44 51 52 56
6 5 26 46 49 52 56
6 5 26 46 54 57 60
6 5 27 34 44 52 56
6 5 28 35 44 50 56
6 5 28 36 42 50 56
6 5 28 36 42 50 57
6 5 28 36 42 51 56
6 5 28 38 41 50 56
6 5 28 42 44 49 50
6 5 28 43 50 52 56
6 5 28 44 54 57 58
6 5 28 46 54 57 58
6 5 30 33 42 52 56
6 5 30 34 44 49 56
6 5 30 36 42 49 56
6 5 30 46 51 57 60
6 5 42 44 49 54 56
6 5 42 44 51 52 56
6 5 46 54 57 58 60
6 6 9 17 42 52 56
6 6 9 19 37 58 60
6 6 9 20 44 49 58
6 6 9 20 44 50 56
6 6 9 24 40 50 52
6 6 9 26 44 50 52
6 6 9 44 49 52 58
6 6 10 18 37 57 60
6 6 10 20 33 40 48
6 6 10 20 44 49 56
6 6 10 20 44 50 57
6 6 10 20 45 51 56
6 6 10 21 41 50 60
6 6 10 21 44 50 57
6 6 10 21 45 50 56
6 6 10 24 40 49 52
6 6 10 25 44 51 52
6 6 10 28 41 50 52
6 6 10 28 44 49 50
6 6 10 28 45 49 50
6 6 10 37 50 57 60
6 6 10 44 50 52 57
6 6 10 44 51 52 57
6 6 10 45 49 50 60
6 6 10 45 50 52 57
6 6 11 44 50 53 56
6 6 12 18 42 53 56
6 6 12 18 42 53 57
6 6 12 24 41 50 52
6 6 12 24 42 49 52
6 6 12 42 49 52 56
6 6 13 26 42 49 52
6 6 13 42 50 53 56
6 6 17 24 33 42 52
6 6 17 24 34 44 48
6 6 17 26 33 44 48
6 6 17 33 42 52 56
6 6 18 24 33 44 48
6 6 18 24 36 40 49
6 6 18 42 53 57 60
6 6 19 28 37 42 56
6 6 19 28 41 44 50
6 6 19 42 44 53 56
6 6 21 26 42 44 49
6 6 21 41 42 50 60
6 6 21 42 44 50 56
6 6 24 34 36 40 49
6 6 24 41 44 50 52
6 6 24 42 45 51 52
6 6 25 33 44 52 58
6 6 25 34 36 40 48
6 6 25 34 44 52 56
6 6 25 37 42 50 60
6 6 25 42 44 50 53
6 6 25 42 50 53 60
6 6 26 33 44 52 56
6 6 26 34 41 53 60
6 6 26 34 44 52 57
6 6 26 34 44 53 56
6 6 26 34 44 53 57
6 6 26 34 45 53 56
6 6 26 35 44 53 56
6 6 26 37 42 49 60
6 6 26 41 44 50 53
6 6 26 42 44 49 52
6 6 26 42 53 57 60
6 6 26 44 50 52 57
6 6 26 44 50 53 56
6 6 26 44 50 53 57
6 6 26 44 51 53 56
6 6 26 45 49 50 60
6 6 26 45 50 52 56
6 6 26 45 50 52 57
6 6 26 45 50 53 56
6 6 26 45 51 52 56
6 6 27 34 44 52 56
6 6 27 34 44 52 57
6 6 27 34 44 53 56
6 6 27 45 50 52 56
6 6 28 33 34 40 48
6 6 28 33 44 50 56
6 6 28 35 42 53 56
6 6 28 35 44 50 56
6 6 28 36 41 50 56
6 6 28 37 42 50 56
6 6 28 37 42 50 57
6 6 28 41 42 50 53
6 6 28 41 50 52 56
6 6 28 42 49 52 56
6 6 28 44 49 50 56
6 6 28 44 52 57 58
6 6 29 33 42 50 60
6 6 29 35 44 50 56
6 6 29 37 42 50 56
6 6 29 41 42 50 52
6 6 37 42 50 57 60
6 6 41 42 50 53 60
6 6 41 44 50 52 56
6 6 42 44 50 53 56
6 6 42 44 50 53 57
6 6 42 45 51 52 56
6 6 42 50 53 57 60
6 7 9 24 40 50 52
6 7 10 20 44 50 57
6 7 11 28 44 49 50
6 7 12 20 41 50 56
6 7 25 37 42 50 60
6 7 25 38 49 58 60
6 7 25 41 54 58 60
6 7 25 46 49 50 60
6 7 25 46 50 52 56
6 7 26 34 44 52 57
6 7 26 44 50 52 57
6 7 26 45 50 52 56
6 7 26 46 54 57 60
6 7 27 34 44 52 56
6 7 28 44 52 57 58
6 7 28 44 54 57 58
6 7 28 45 54 57 58
6 7 29 33 42 50 60
6 7 29 46 49 50 56
6 7 30 41 42 49 52
6 7 30 43 53 58 60
6 7 30 46 53 57 58
6 7 38 41 49 58 60
6 7 45 54 57 58 60
6 7 46 54 57 58 60
6 9 10 17 38 52 56
6 9 10 20 37 50 56
6 9 10 37 50 52 56
6 9 12 18 34 52 56
6 9 12 20 36 50 56
6 9 12 20 36 51 58
6 9 12 20 38 49 58
6 9 14 17 40 50 52
6 9 14 18 40 49 52
6 9 14 20 36 49 58
6 9 14 20 36 51 56
6 9 14 33 50 52 56
6 9 14 34 49 52 56
6 9 14 40 49 50 52
6 9 17 24 38 42 52
6 9 17 46 50 52 56
6 9 18 24 34 44 52
6 9 18 24 35 44 52
6 9 18 24 36 40 48
6 9 18 24 38 40 52
6 9 18 24 39 40 52
6 9 18 28 33 38 56
6 9 18 28 35 40 52
6 9 18 28 36 42 49
6 9 18 28 38 40 48
6 9 18 28 38 40 49
6 9 18 28 39 40 48
6 9 18 34 44 52 56
6 9 18 35 44 52 56
6 9 18 37 42 52 56
6 9 18 46 49 52 56
6 9 19 34 44 52 56
6 9 19 46 53 58 60
6 9 20 24 38 40 48
6 9 20 26 38 44 49
6 9 20 38 44 49 58
6 9 21 24 38 42 48
6 9 22 24 33 44 50
6 9 22 24 35 44 48
6 9 22 24 37 40 50
6 9 22 33 44 50 56
6 9 22 34 44 49 56
6 9 22 44 49 50 56
6 9 22 46 49 58 60
6 9 24 33 46 50 52
6 9 24 38 40 50 52
6 9 24 38 40 50 53
6 9 24 38 42 49 52
6 9 24 39 40 50 52
6 9 24 46 49 50 52
6 9 26 34 44 49 52
6 9 26 42 53 54 60
6 9 26 44 49 50 52
6 9 26 44 50 52 56
6 9 26 44 50 53 56
6 9 26 46 49 52 56
6 9 26 46 49 54 60
6 9 26 46 50 53 60
6 9 26 46 51 53 60
6 9 26 46 53 54 56
6 9 28 33 38 50 56
6 9 28 35 40 50 52
6 9 28 35 50 52 56
6 9 28 38 40 49 50
6 9 28 42 53 54 56
6 9 28 44 49 54 58
6 9 28 44 50 52 56
6 9 28 44 51 52 58
6 9 28 44 51 54 56
6 9 28 46 49 52 58
6 9 28 46 49 54 56
6 9 28 46 50 52 56
6 9 28 46 50 53 56
6 9 28 46 51 52 56
6 9 30 33 34 52 56
6 9 30 33 40 50 52
6 9 30 34 36 49 56
6 9 30 34 40 49 52
6 9 30 39 49 58 60
6 9 30 46 49 50 60
6 9 30 46 49 52 56
6 9 30 46 50 52 56
6 9 30 46 50 53 56
6 9 30 46 51 53 56
6 9 33 46 50 52 56
6 9 35 44 50 52 56
6 9 46 49 50 52 56
6 9 46 49 54 58 60
6 10 12 17 33 54 56
6 10 12 17 34 52 56
6 10 12 18 36 49 56
6 10 12 18 40 49 52
6 10 12 20 36 50 57
6 10 12 20 36 51 56
6 10 12 34 49 52 56
6 10 13 20 38 50 57
6 10 17 20 34 36 56
6 10 17 24 33 44 54
6 10 17 24 37 40 54
6 10 17 33 44 54 56
6 10 17 44 50 52 56
6 10 18 20 36 41 48
6 10 18 24 37 40 52
6 10 20 24 33 44 50
6 10 20 24 34 44 49
6 10 20 24 37 40 50
6 10 20 24 38 40 49
6 10 20 24 39 40 48
6 10 20 25 38 40 48
6 10 20 25 38 44 50
6 10 20 33 34 36 56
6 10 20 33 44 50 56
6 10 20 34 36 49 56
6 10 20 34 44 49 56
6 10 20 38 44 50 57
6 10 20 44 49 50 56
6 10 21 24 38 40 48
6 10 22 45 50 57 60
6 10 24 33 44 50 52
6 10 24 34 44 49 52
6 10 24 37 40 50 52
6 10 24 44 49 50 52
6 10 28 33 36 50 56
6 10 28 33 40 50 52
6 10 28 34 36 49 56
6 10 28 36 40 49 50
6 10 28 41 50 52 56
6 10 28 44 49 50 56
6 10 28 44 49 54 56
6 10 28 44 50 52 57
6 10 28 44 50 53 56
6 10 28 44 51 52 56
6 10 28 44 51 54 56
6 10 28 44 51 54 57
6 10 28 45 50 52 56
6 10 28 45 51 54 56
6 10 33 44 50 52 56
6 10 34 44 49 52 56
6 10 44 49 50 52 56
6 11 12 20 36 49 58
6 11 12 37 50 52 56
6 11 21 24 38 40 48
6 11 21 33 38 58 60
6 11 21 38 49 58 60
6 11 21 38 57 58 60
6 11 21 42 54 57 60
6 11 22 34 44 52 57
6 11 22 38 41 49 60
6 11 25 37 38 50 60
6 11 25 42 53 54 60
6 11 25 46 53 54 56
6 11 28 42 53 54 56
6 11 28 44 49 50 52
6 11 28 44 49 54 56
6 11 28 45 51 54 56
6 11 29 33 38 52 58
6 11 30 34 44 49 52
6 11 41 53 54 58 60
6 12 17 18 36 40 48
6 12 17 24 34 40 52
6 12 17 24 36 40 50
6 12 17 26 37 42 52
6 12 18 33 34 52 56
6 12 18 34 49 52 56
6 12 19 20 37 42 56
6 12 19 37 42 52 56
6 12 20 24 36 41 50
6 12 20 24 36 42 51
6 12 20 24 37 42 51
6 12 20 25 36 42 51
6 12 20 26 33 38 56
6 12 20 26 34 37 56
6 12 20 26 35 36 56
6 12 20 26 35 37 56
6 12 20 26 37 40 50
6 12 20 26 37 42 49
6 12 20 26 38 40 49
6 12 20 35 36 57 58
6 12 20 36 41 50 56
6 12 20 36 41 51 58
6 12 20 36 42 51 56
6 12 20 36 51 57 58
6 12 20 37 42 51 56
6 12 20 38 41 50 56
6 12 20 39 41 50 56
6 12 21 26 38 41 48
6 12 21 36 42 50 56
6 12 21 37 42 50 56
6 12 22 24 36 43 49
6 12 22 33 42 52 56
6 12 22 36 41 49 58
6 12 22 36 41 50 56
6 12 22 36 42 49 56
6 12 22 36 43 49 56
6 12 22 42 49 52 56
6 12 22 43 49 52 56
6 12 23 36 42 49 56
6 12 24 33 40 50 52
6 12 24 36 40 49 50
6 12 24 40 49 50 52
6 12 25 33 38 52 58
6 12 25 38 49 52 58
6 12 25 42 53 54 56
6 12 26 34 37 52 56
6 12 26 35 37 52 56
6 12 26 37 38 49 56
6 12 26 37 41 50 52
6 12 26 37 50 52 56
6 12 26 38 41 49 52
6 12 27 33 38 52 56
6 12 37 42 50 52 56
6 12 37 42 51 52 56
6 12 38 41 49 52 58
6 13 17 18 36 42 48
6 13 17 35 54 58 60
6 13 17 42 50 52 56
6 13 18 20 34 40 48
6 13 19 41 54 58 60
6 13 19 46 53 58 60
6 13 20 46 49 50 56
6 13 21 46 51 58 60
6 13 22 35 42 49 60
6 13 22 36 42 49 56
6 13 22 38 42 49 56
6 13 22 38 57 58 60
6 13 22 39 57 58 60
6 13 22 42 49 52 56
6 13 22 42 50 52 56
6 13 22 42 50 52 57
6 13 22 46 49 50 56
6 13 22 46 51 57 60
6 13 26 33 40 50 52
6 13 26 35 54 57 60
6 13 26 41 51 54 60
6 13 26 42 49 54 60
6 13 26 42 50 53 60
6 13 26 42 53 54 56
6 13 26 44 49 54 56
6 13 28 38 42 49 50
6 13 28 44 49 54 58
6 13 28 44 50 52 56
6 13 28 44 51 54 58
6 13 28 46 49 54 58
6 13 28 46 51 52 56
6 13 28 46 51 52 58
6 13 28 46 51 53 58
6 13 30 36 40 49 50
6 13 30 37 42 49 50
6 13 30 46 50 53 57
6 13 30 46 51 52 56
6 13 30 46 51 52 57
6 13 35 49 54 58 60
6 13 35 54 57 58 60
6 13 43 53 54 58 60
6 13 46 49 50 52 56
6 14 17 18 33 36 56
6 14 17 18 36 40 48
6 14 17 33 34 52 56
6 14 17 33 50 52 56
6 14 17 33 54 58 60
6 14 17 41 50 52 56
6 14 17 44 50 52 56
6 14 17 45 50 52 56
6 14 18 34 53 57 60
6 14 18 44 49 52 56
6 14 19 33 44 52 56
6 14 19 34 44 52 56
6 14 19 37 49 58 60
6 14 19 45 50 52 56
6 14 20 44 49 50 56
6 14 21 41 54 58 60
6 14 21 42 50 52 57
6 14 21 42 54 57 60
6 14 22 33 42 52 56
6 14 22 34 44 49 56
6 14 22 38 57 58 60
6 14 22 39 57 58 60
6 14 22 41 50 52 56
6 14 22 42 49 52 56
6 14 22 42 53 57 60
6 14 22 45 49 50 56
6 14 23 45 54 57 58
6 14 24 33 40 50 52
6 14 24 34 40 49 52
6 14 24 35 40 49 52
6 14 24 40 49 50 52
6 14 24 41 49 50 52
6 14 25 33 38 50 60
6 14 25 33 40 50 52
6 14 25 33 44 50 52
6 14 25 38 41 50 52
6 14 25 41 53 54 58
6 14 25 42 49 54 60
6 14 25 42 50 53 60
6 14 25 42 53 54 56
6 14 25 44 49 50 52
6 14 25 44 49 54 56
6 14 25 44 51 52 56
6 14 26 34 37 52 57
6 14 26 38 41 49 52
6 14 26 44 50 53 57
6 14 27 34 37 52 56
6 14 28 33 36 50 56
6 14 28 36 40 49 50
6 14 28 36 41 49 50
6 14 28 37 54 57 58
6 14 28 38 53 57 58
6 14 28 44 49 50 56
6 14 28 44 49 52 58
6 14 28 44 49 54 58
6 14 28 44 50 52 57
6 14 28 44 51 52 56
6 14 28 44 51 52 58
6 14 28 44 51 54 57
6 14 28 45 51 52 58
6 14 29 33 36 50 56
6 14 29 33 38 50 56
6 14 29 45 51 54 58
6 14 37 54 57 58 60
6 14 38 53 57 58 60
6 14 39 54 57 58 60
6 14 41 49 50 52 56
6 14 41 49 54 58 60
6 14 42 50 53 57 60
6 14 44 49 50 52 56
6 15 17 33 54 58 60
6 15 17 44 50 52 56
6 15 17 46 50 52 56
6 15 18 46 49 52 56
6 15 19 46 49 52 56
6 15 20 44 49 50 56
6 15 22 42 49 52 56
6 15 23 39 57 58 60
6 15 24 33 40 50 52
6 15 24 40 49 50 52
6 15 25 42 53 54 56
6 15 28 35 50 52 56
6 15 28 36 40 49 50
6 15 28 44 51 52 58
6 15 44 49 50 52 56
6 15 46 49 50 52 56
6 17 18 28 35 36 40
6 17 18 33 38 44 56
6 17 18 33 46 52 56
6 17 18 34 44 52 56
6 17 18 35 44 52 56
6 17 18 37 42 44 48
6 17 18 41 46 52 56
6 17 18 42 44 52 56
6 17 18 43 44 52 56
6 17 20 45 46 50 56
6 17 22 33 46 58 60
6 17 22 34 36 41 56
6 17 22 34 41 52 56
6 17 22 35 45 58 60
6 17 22 38 41 58 60
6 17 22 41 44 50 56
6 17 22 41 44 52 58
6 17 22 43 44 52 56
6 17 22 43 45 50 60
6 17 24 34 36 40 48
6 17 24 41 46 50 52
6 17 26 33 34 44 52
6 17 26 33 44 54 56
6 17 26 33 46 52 56
6 17 26 34 37 44 48
6 17 26 38 44 52 56
6 17 26 38 45 50 60
6 17 26 38 45 52 56
6 17 26 41 44 50 52
6 17 26 45 46 50 52
6 17 28 33 38 42 48
6 17 28 33 46 52 58
6 17 28 34 36 40 48
6 17 28 34 44 52 56
6 17 28 35 42 52 56
6 17 28 35 44 50 56
6 17 28 35 44 52 58
6 17 28 35 45 54 58
6 17 28 37 42 50 56
6 17 28 38 41 50 56
6 17 28 38 41 52 58
6 17 28 38 43 52 56
6 17 28 41 46 50 52
6 17 28 42 45 50 52
6 17 28 43 44 50 52
6 17 30 33 34 36 56
6 17 30 34 36 40 48
6 17 30 34 36 41 48
6 17 30 34 45 52 56
6 17 30 35 44 52 56
6 17 30 35 45 52 58
6 17 30 38 41 50 60
6 17 30 38 41 52 56
6 17 30 38 45 50 56
6 17 30 41 46 50 52
6 17 33 46 50 52 56
6 17 33 46 54 58 60
6 17 35 44 50 52 56
6 17 35 45 54 58 60
6 17 41 46 50 52 56
6 17 42 45 50 52 56
6 17 45 46 50 52 56
6 18 20 24 33 34 44
6 18 20 33 34 44 56
6 18 20 34 41 44 48
6 18 20 34 44 49 56
6 18 21 38 42 57 60
6 18 21 43 46 52 56
6 18 24 42 44 49 52
6 18 25 33 46 52 56
6 18 25 38 44 52 56
6 18 28 33 34 36 56
6 18 28 33 36 42 48
6 18 28 33 42 52 56
6 18 28 33 46 52 56
6 18 28 34 36 40 49
6 18 28 34 36 41 48
6 18 28 34 41 52 56
6 18 28 34 45 52 56
6 18 28 35 36 40 48
6 18 28 35 44 52 56
6 18 28 35 46 52 56
6 18 28 35 46 52 57
6 18 28 36 42 49 56
6 18 28 37 42 52 56
6 18 28 38 42 52 57
6 18 28 38 43 52 56
6 18 28 38 43 53 56
6 18 28 42 44 49 52
6 18 29 34 36 40 48
6 18 29 35 46 52 56
6 18 29 38 42 49 60
6 18 29 38 42 52 57
6 18 29 38 43 52 56
6 18 33 34 44 52 56
6 18 34 44 49 52 56
6 18 42 44 49 52 56
6 19 22 37 41 58 60
6 19 22 41 46 49 60
6 19 25 37 46 50 60
6 19 25 45 46 50 52
6 19 26 38 45 52 56
6 19 28 33 34 36 56
6 19 28 33 34 44 56
6 19 28 33 42 44 52
6 19 28 34 36 40 48
6 19 28 37 42 52 56
6 19 28 37 42 54 57
6 19 28 37 46 50 57
6 19 28 38 44 50 57
6 19 28 41 46 53 58
6 19 28 42 44 49 52
6 19 28 42 45 50 52
6 19 28 42 45 54 56
6 19 29 35 46 52 56
6 19 29 37 46 50 56
6 19 33 34 44 52 56
6 19 33 44 50 52 56
6 19 37 42 44 52 56
6 19 37 42 54 57 60
6 19 37 46 50 57 60
6 19 37 54 57 58 60
6 19 41 46 53 58 60
6 19 44 49 50 52 56
6 19 45 46 50 52 56
6 19 45 49 54 58 60
6 19 46 53 57 58 60
6 20 24 33 34 44 48
6 20 24 33 36 42 48
6 20 25 37 46 50 56
6 20 25 38 44 49 58
6 20 26 33 36 40 48
6 20 26 37 44 50 56
6 20 26 37 44 51 56
6 20 26 37 46 49 56
6 20 26 38 44 49 56
6 20 26 39 44 49 56
6 20 27 38 44 49 56
6 21 24 33 42 44 50
6 21 24 42 44 49 50
6 21 25 35 46 50 60
6 21 26 33 34 44 48
6 21 26 33 34 44 56
6 21 26 33 42 44 52
6 21 26 37 44 50 56
6 21 26 37 46 50 57
6 21 26 38 41 50 60
6 21 26 38 42 57 60
6 21 26 38 44 50 57
6 21 26 38 45 50 56
6 21 26 41 42 54 60
6 21 26 41 46 50 52
6 21 26 41 46 54 56
6 21 26 42 45 50 52
6 21 26 42 45 54 56
6 21 28 33 42 44 50
6 21 28 41 42 54 56
6 21 28 42 44 49 50
6 21 28 42 44 54 57
6 21 30 39 44 57 58
6 21 30 41 46 49 50
6 21 30 41 46 51 60
6 21 30 42 45 49 50
6 21 33 42 44 50 56
6 21 35 38 41 58 60
6 21 38 42 44 50 57
6 21 38 42 50 57 60
6 21 42 44 49 50 56
6 21 43 46 49 50 60
6 21 46 54 57 58 60
6 21 47 54 57 58 60
6 22 25 38 42 49 60
6 22 25 39 41 58 60
6 22 25 41 46 50 52
6 22 25 41 46 53 58
6 22 25 42 44 49 52
6 22 26 37 44 50 57
6 22 26 38 44 49 56
6 22 26 38 45 49 56
6 22 26 41 44 50 52
6 22 26 41 46 49 52
6 22 26 42 45 53 56
6 22 26 43 44 53 56
6 22 27 34 41 44 52
6 22 28 34 36 41 56
6 22 28 35 45 49 58
6 22 28 39 44 57 58
6 22 28 41 42 49 52
6 22 28 42 45 49 50
6 22 35 45 49 58 60
6 22 37 42 44 50 57
6 22 37 42 50 57 60
6 22 38 41 42 49 60
6 22 38 41 49 58 60
6 22 41 46 49 50 60
6 22 41 46 49 52 56
6 22 41 46 50 52 56
6 22 42 45 50 52 57
6 22 42 50 53 57 60
6 22 43 44 49 52 56
6 22 46 53 57 58 60
6 23 28 33 36 42 56
6 23 28 43 44 53 58
6 23 30 34 36 41 56
6 23 37 46 57 58 60
6 23 41 46 49 58 60
6 24 33 34 36 40 48
6 24 35 41 44 50 52
6 24 41 46 49 50 52
6 25 26 33 38 44 52
6 25 26 35 45 54 60
6 25 26 37 46 50 52
6 25 26 37 46 54 56
6 25 26 38 42 53 60
6 25 26 38 45 50 52
6 25 26 39 41 54 60
6 25 26 39 44 52 56
6 25 26 39 45 54 56
6 25 28 33 38 40 50
6 25 28 35 44 52 58
6 25 28 35 44 54 56
6 25 28 35 45 54 58
6 25 28 37 42 54 56
6 25 28 38 41 52 58
6 25 28 39 42 54 56
6 25 28 42 44 49 54
6 25 28 42 44 51 52
6 25 30 33 34 36 48
6 25 30 33 34 40 52
6 25 30 33 34 44 52
6 25 30 34 36 40 48
6 25 30 35 45 54 56
6 25 30 39 41 50 60
6 25 30 42 45 51 52
6 25 33 38 44 52 58
6 25 33 46 50 52 56
6 25 33 46 54 58 60
6 25 35 45 54 58 60
6 25 37 38 42 50 60
6 25 37 46 50 52 56
6 25 37 46 54 58 60
6 25 38 44 49 52 58
6 25 39 41 54 58 60
6 25 41 46 53 54 58
6 25 42 44 49 54 56
6 25 42 44 53 54 56
6 25 43 46 53 54 56
6 25 45 51 54 58 60
6 25 46 49 50 52 56
6 25 46 49 54 58 60
6 25 47 49 54 58 60
6 26 28 33 34 40 52
6 26 28 33 34 44 52
6 26 28 33 36 40 48
6 26 28 33 38 40 48
6 26 28 34 37 40 48
6 26 28 35 44 52 56
6 26 28 35 46 53 56
6 26 28 37 38 50 57
6 26 28 37 41 54 56
6 26 28 37 42 52 56
6 26 28 37 42 54 56
6 26 28 37 42 54 57
6 26 28 37 44 51 56
6 26 28 37 46 54 57
6 26 28 38 41 49 56
6 26 28 38 42 52 57
6 26 28 38 42 53 56
6 26 28 38 43 53 56
6 26 28 38 44 49 56
6 26 28 39 42 52 56
6 26 28 39 42 52 57
6 26 28 39 44 49 56
6 26 28 41 46 50 53
6 26 29 33 38 40 48
6 26 29 34 36 40 48
6 26 29 39 42 52 56
6 26 33 34 44 52 56
6 26 33 38 44 52 56
6 26 33 44 50 52 56
6 26 34 37 44 52 56
6 26 34 44 49 52 56
6 26 35 37 44 52 56
6 26 35 37 54 57 60
6 26 37 38 50 57 60
6 26 37 42 44 49 52
6 26 37 42 54 57 60
6 26 37 44 50 52 56
6 26 37 44 51 52 56
6 26 37 46 50 52 57
6 26 37 46 54 57 60
6 26 38 44 49 52 56
6 26 38 44 50 53 57
6 26 38 45 49 50 60
6 26 38 45 50 52 56
6 26 41 44 49 54 56
6 26 41 46 50 53 60
6 26 41 46 51 53 60
6 26 41 46 53 54 56
6 26 42 44 49 52 56
6 26 42 44 53 54 56
6 26 42 44 53 54 57
6 26 42 45 53 54 56
6 26 42 53 54 57 60
6 26 44 49 50 52 56
6 26 46 50 53 57 60
6 27 28 33 34 40 52
6 27 29 33 38 42 52
6 27 30 33 34 44 52
6 27 33 34 44 52 56
6 27 33 38 44 52 56
6 27 37 46 54 57 60
6 27 38 44 49 52 56
6 27 41 46 50 53 60
6 27 45 49 54 58 60
6 27 45 54 57 58 60
6 28 33 34 36 40 48
6 28 33 34 44 52 56
6 28 33 44 50 52 56
6 28 33 46 50 52 56
6 28 35 37 42 54 57
6 28 35 38 44 50 57
6 28 35 41 44 50 52
6 28 35 44 49 50 56
6 28 35 44 49 52 58
6 28 35 44 50 52 56
6 28 35 44 52 57 58
6 28 35 45 49 54 58
6 28 35 45 54 57 58
6 28 35 46 49 52 56
6 28 37 42 44 49 50
6 28 37 42 49 50 56
6 28 37 42 50 52 56
6 28 37 42 51 52 56
6 28 37 43 50 52 56
6 28 37 44 54 57 58
6 28 38 41 49 52 58
6 28 38 42 44 49 50
6 28 38 42 50 52 57
6 28 38 43 50 53 56
6 28 38 44 52 57 58
6 28 39 44 52 57 58
6 28 41 44 49 54 58
6 28 41 44 50 52 56
6 28 41 44 51 52 58
6 28 41 46 49 50 52
6 28 41 46 50 53 56
6 28 41 46 51 52 56
6 28 42 44 49 54 56
6 28 42 44 50 53 56
6 28 42 44 51 52 56
6 28 42 45 51 54 56
6 28 43 44 49 50 52
6 28 43 44 53 54 58
6 28 44 49 50 52 56
6 28 44 51 52 57 58
6 28 45 46 51 53 58
6 28 46 49 50 52 56
6 28 47 49 50 52 56
6 29 30 33 36 40 50
6 29 30 34 36 40 48
6 29 30 35 36 40 48
6 29 33 38 42 50 60
6 29 33 42 50 52 56
6 29 33 46 50 52 56
6 29 33 46 54 58 60
6 29 35 44 49 54 58
6 29 35 46 49 52 58
6 29 35 46 50 52 56
6 29 35 46 54 58 60
6 29 37 38 42 50 56
6 29 37 46 51 58 60
6 29 37 46 54 57 58
6 29 38 42 49 50 60
6 29 38 42 50 52 57
6 29 38 42 50 57 60
6 29 38 43 50 52 56
6 29 39 46 54 57 58
6 29 41 46 51 54 56
6 29 42 44 51 54 56
6 29 46 49 50 52 56
6 29 46 55 57 58 60
6 29 47 49 54 58 60
6 29 47 51 54 58 60
6 30 33 34 36 40 48
6 30 33 34 44 52 56
6 30 33 44 50 52 56
6 30 33 46 50 52 56
6 30 33 46 54 58 60
6 30 34 44 49 52 56
6 30 35 37 42 52 57
6 30 35 37 50 57 60
6 30 35 38 41 49 60
6 30 35 41 53 58 60
6 30 35 44 49 52 56
6 30 35 44 53 57 58
6 30 35 45 49 52 58
6 30 35 45 50 52 56
6 30 35 45 53 58 60
6 30 35 46 54 57 60
6 30 37 42 50 52 57
6 30 37 42 50 57 60
6 30 37 42 54 57 60
6 30 37 44 52 57 58
6 30 37 44 54 57 58
6 30 37 46 51 57 60
6 30 38 41 42 49 52
6 30 38 41 49 50 60
6 30 38 41 49 52 56
6 30 38 41 49 58 60
6 30 38 41 50 52 56
6 30 38 43 53 58 60
6 30 38 44 52 57 58
6 30 38 44 53 57 58
6 30 38 45 49 50 56
6 30 39 41 49 58 60
6 30 39 44 52 57 58
6 30 41 42 49 52 56
6 30 41 42 49 54 60
6 30 41 42 50 53 60
6 30 41 42 51 53 60
6 30 41 44 49 54 56
6 30 41 44 50 53 56
6 30 41 44 51 52 56
6 30 41 46 49 50 52
6 30 41 46 50 53 56
6 30 41 46 51 53 56
6 30 42 44 49 52 56
6 30 42 44 49 54 56
6 30 42 44 50 53 56
6 30 42 44 50 53 57
6 30 42 45 51 52 56
6 30 43 44 53 54 57
6 30 43 46 53 54 57
6 30 43 53 54 57 60
6 30 45 49 54 58 60
6 30 45 51 54 58 60
6 30 46 49 50 52 56
6 30 46 49 54 58 60
6 30 46 50 53 57 60
6 30 46 51 53 57 60
6 30 46 53 57 58 60
6 30 46 54 57 58 60
6 30 46 55 57 58 60
6 30 47 49 50 52 56
6 30 47 49 54 58 60
6 30 47 55 57 58 60
6 31 33 34 36 40 48
6 31 33 34 44 52 56
6 31 33 44 50 52 56
6 31 33 46 50 52 56
6 31 33 46 54 58 60
6 31 35 37 42 52 56
6 31 35 44 50 52 56
6 31 35 46 49 52 56
6 31 35 46 54 57 60
6 31 37 42 49 50 60
6 31 37 42 54 57 60
6 31 37 44 54 57 58
6 31 38 41 49 58 60
6 31 38 43 53 58 60
6 31 38 44 52 57 58
6 31 39 43 53 58 60
6 31 39 44 52 57 58
6 31 41 42 49 54 60
6 31 41 44 50 52 56
6 31 41 46 50 53 56
6 31 42 44 49 54 56
6 31 42 44 50 53 56
6 31 47 49 50 52 56
6 31 47 49 54 58 60
6 31 47 55 57 58 60
6 31 47 55 59 61 62
6 35 45 49 54 58 60
6 35 45 54 57 58 60
6 37 38 42 50 57 60
6 37 42 44 51 52 56
6 37 46 54 57 58 60
6 41 46 49 50 52 56
