P 4 2 7 25 42 52 |111111
P 5 2 13 22 42 49 60 |111111
P 5 3 13 22 42 49 60 |112222
P 5 2 19 28 37 42 48 |111111
P 5 3 19 28 37 42 48 |111122
P 5 2 19 28 37 42 56 |111111
P 5 3 19 28 37 42 56 |111222
P 6 3 3 5 6 24 40 48 |111111
P 6 2 6 19 28 37 42 56 |111111
P 6 3 6 19 28 37 42 56 |122111
P 6 3 6 19 28 37 42 56 |111222
P 6 2 7 11 28 44 49 50 |111111
P 6 4 7 11 28 44 49 50 |222222
P 6 3 7 28 44 52 57 58 |112222
P 6 2 12 21 26 38 41 48 |111111
P 6 3 12 21 26 38 41 48 |112211
P 6 3 12 21 26 38 41 48 |111122
P 6 3 13 22 35 42 49 60 |221112
P 6 3 13 22 35 42 49 60 |112222
P 6 4 13 22 35 42 49 60 |222223
P 6 2 13 22 36 42 49 56 |111111
P 6 3 13 22 36 42 49 56 |112112
P 6 3 13 22 36 42 49 56 |111222
P 6 4 13 22 36 42 49 56 |112223
P 6 2 13 22 38 42 49 56 |111111
P 6 3 13 22 38 42 49 56 |122112
P 6 3 13 22 38 42 49 56 |111222
P 6 4 13 22 38 42 49 56 |122223
P 6 2 13 22 42 49 52 56 |111111
P 6 3 13 22 42 49 52 56 |112122
P 6 3 13 22 42 49 52 56 |111222
P 6 4 13 22 42 49 52 56 |112233
P 6 3 14 17 33 50 52 56 |111122
P 6 3 15 23 39 57 58 60 |222222
P 6 2 19 28 37 42 52 56 |111111
P 6 3 19 28 37 42 52 56 |112122
P 6 3 19 28 37 42 52 56 |111222
P 6 4 19 28 37 42 52 56 |112233
P 6 3 19 28 37 42 54 57 |122122
P 6 3 19 28 37 42 54 57 |211222
P 6 4 19 28 37 42 54 57 |222233
P 6 2 21 26 38 41 50 60 |111111
P 6 3 21 26 38 41 50 60 |121122
P 6 3 21 26 38 41 50 60 |112222
P 6 4 21 26 38 41 50 60 |122233
P 6 3 26 28 38 41 49 56 |111222
