P 6 2 7 57 90 99 108 116 |1111111 eps=1/15 B=0123456
P 6 3 19 60 92 101 106 112 |1111222 eps=1/13 B=0123456
P 6 4 21 26 44 76 99 112 |1122222 eps=1/15 B=0123456
P 6 3 30 41 81 98 100 120 |1111122 eps=1/13 B=0123456
P 7 4 3 5 6 56 72 80 96 |1111112 eps=1/19 B=0123456
P 7 3 3 5 6 56 88 104 112 |1111111 eps=1/17 B=0123456
P 7 4 3 44 56 84 88 97 98 |1112222 eps=1/21 B=0123456
P 7 3 3 56 76 84 88 97 98 |1111112 eps=1/21 B=0123456
P 7 3 6 9 17 56 88 98 100 |1111111 eps=1/23 B=0123456
P 7 2 7 11 60 92 108 113 114 |1111111 eps=1/27 B=0123456
P 7 4 7 11 60 92 108 113 114 |2222222 eps=2/27 B=0123456
P 7 2 7 13 58 90 108 113 116 |1111111 eps=1/21 B=0123456
P 7 4 7 24 40 72 113 114 116 |1112222 eps=1/22 B=0123456
P 7 5 7 25 42 52 76 82 97 |2222222 eps=1/7 B=0123456
P 7 5 7 25 50 84 106 108 113 |2222333 eps=1/27 B=0123456
P 7 5 7 41 50 81 92 106 116 |2222333 eps=1/31 B=0123456
P 7 5 7 41 58 81 92 98 100 |2222233 eps=1/23 B=0123456
P 7 5 7 42 49 73 92 100 114 |2222233 eps=1/19 B=0123456
P 7 5 7 42 49 90 92 97 100 |2222233 eps=1/19 B=0123456
P 7 3 7 56 88 104 113 114 116 |1111222 eps=1/20 B=0123456
P 7 2 7 57 65 90 98 108 116 |1111111 eps=1/33 B=0123456
P 7 2 7 57 65 90 108 114 116 |1111111 eps=1/25 B=0123456
P 7 2 7 57 73 90 108 114 116 |1111111 eps=1/21 B=0123456
P 7 2 7 57 81 90 98 108 116 |1111111 eps=1/29 B=0123456
P 7 3 7 57 90 92 99 108 116 |1122212 eps=1/17 B=0123456
P 7 2 7 57 90 97 98 108 116 |1111111 eps=1/25 B=0123456
P 7 2 7 57 90 97 108 114 116 |1111111 eps=1/21 B=0123456
P 7 2 7 57 90 105 108 114 116 |1111111 eps=1/17 B=0123456
P 7 2 7 57 90 108 113 114 116 |1111111 eps=1/17 B=0123456
P 7 2 7 58 73 92 108 113 114 |1111111 eps=1/25 B=0123456
P 7 3 7 58 92 106 108 113 118 |1221222 eps=1/23 B=0123456
P 7 4 7 60 75 92 108 113 114 |2222223 eps=1/24 B=0123456
P 7 3 7 60 76 90 106 113 116 |1121222 eps=1/25 B=0123456
P 7 2 7 60 89 92 101 106 114 |1111111 eps=1/18 B=0123456
P 7 3 7 60 89 92 101 106 114 |1122212 eps=1/18 B=0123456
P 7 4 7 60 89 92 101 106 114 |2222223 eps=1/30 B=0123456
P 7 3 7 60 90 92 102 106 113 |1221122 eps=1/19 B=0123456
P 7 3 7 60 90 106 108 113 116 |1121222 eps=1/17 B=0123456
P 7 4 7 60 92 100 106 114 121 |1222233 eps=1/27 B=0123456
P 7 4 7 60 92 106 108 113 114 |1222233 eps=1/17 B=0123456
P 7 3 7 60 92 108 116 121 122 |1122222 eps=1/19 B=0123456
P 7 4 9 38 56 82 84 97 104 |1112222 eps=1/26 B=0123456
P 7 5 11 21 38 76 82 97 120 |2222223 eps=1/11 B=0123456
P 7 2 11 21 60 90 102 108 113 |1111111 eps=1/27 B=0123456
P 7 5 11 22 49 69 108 114 120 |2222333 eps=1/23 B=0123456
P 7 5 11 22 49 81 102 108 120 |2222333 eps=1/23 B=0123456
P 7 2 11 49 60 86 88 101 106 |1111111 eps=1/35 B=0123456
P 7 2 11 53 56 73 86 108 114 |1111111 eps=1/25 B=0123456
P 7 2 11 53 56 86 88 99 108 |1111111 eps=1/27 B=0123456
P 7 2 11 53 73 86 108 114 120 |1111111 eps=1/19 B=0123456
P 7 3 11 54 66 92 108 113 120 |1112222 eps=1/25 B=0123456
P 7 3 11 54 67 92 108 113 120 |1112222 eps=1/19 B=0123456
P 7 3 11 54 70 92 108 113 120 |1112222 eps=1/21 B=0123456
P 7 3 11 54 70 92 108 113 122 |1212222 eps=1/31 B=0123456
P 7 2 11 54 81 92 101 106 120 |1111111 eps=1/23 B=0123456
P 7 3 11 60 73 86 102 113 120 |1112222 eps=1/21 B=0123456
P 7 2 11 60 85 88 102 105 114 |1111111 eps=1/20 B=0123456
P 7 2 11 60 85 102 105 114 120 |1111111 eps=1/17 B=0123456
P 7 3 11 60 86 88 101 104 114 |1112122 eps=1/21 B=0123456
P 7 3 11 60 86 98 108 113 120 |1112222 eps=1/21 B=0123456
P 7 3 11 60 92 102 104 113 114 |1112122 eps=1/15 B=0123456
P 7 4 11 60 92 102 104 113 114 |1212233 eps=1/15 B=0123456
P 7 4 11 60 92 102 105 113 114 |2212233 eps=1/21 B=0123456
P 7 3 11 60 92 102 113 114 120 |1112222 eps=1/17 B=0123456
P 7 3 11 60 92 108 113 114 120 |1112222 eps=1/17 B=0123456
P 7 3 12 21 58 90 102 105 116 |1121222 eps=1/29 B=0123456
P 7 5 13 19 38 74 97 116 120 |2222233 eps=1/15 B=0123456
P 7 2 13 19 60 92 102 106 113 |1111111 eps=1/33 B=0123456
P 7 4 13 19 60 92 102 106 113 |2222222 eps=2/33 B=0123456
P 7 2 13 21 58 86 99 108 120 |1111111 eps=1/19 B=0123456
P 7 3 13 21 58 90 102 105 116 |1121222 eps=1/21 B=0123456
P 7 4 13 22 42 74 113 116 120 |1222222 eps=1/19 B=0123456
P 7 2 13 22 57 90 99 108 116 |1111111 eps=1/23 B=0123456
P 7 4 13 26 52 84 99 104 112 |1122222 eps=1/17 B=0123456
P 7 2 13 28 51 86 101 106 120 |1111111 eps=1/17 B=0123456
P 7 2 13 52 58 83 92 102 105 |1111111 eps=1/19 B=0123456
P 7 3 13 54 69 90 106 113 124 |1122222 eps=1/27 B=0123456
P 7 4 13 54 70 74 81 97 120 |2112223 eps=1/23 B=0123456
P 7 3 13 54 90 99 108 116 120 |1122122 eps=1/19 B=0123456
P 7 4 13 56 90 102 104 113 116 |1122233 eps=1/21 B=0123456
P 7 4 13 58 70 88 104 113 116 |1122223 eps=1/14 B=0123456
P 7 2 13 58 83 92 102 105 116 |1111111 eps=1/17 B=0123456
P 7 3 13 58 83 92 102 105 116 |1122212 eps=1/19 B=0123456
P 7 3 13 58 83 92 102 108 113 |1122122 eps=1/17 B=0123456
P 7 3 13 58 90 102 108 113 116 |1122122 eps=1/21 B=0123456
P 7 4 13 60 83 92 102 106 113 |2222223 eps=1/24 B=0123456
P 7 5 14 19 37 73 114 116 120 |2222333 eps=1/19 B=0123456
P 7 5 14 19 56 88 101 106 116 |1223333 eps=1/27 B=0123456
P 7 3 14 19 60 92 102 105 114 |1211222 eps=1/23 B=0123456
P 7 4 14 21 50 82 100 105 120 |1221222 eps=1/17 B=0123456
P 7 5 14 21 50 82 100 105 120 |1222333 eps=1/19 B=0123456
P 7 3 14 22 41 81 98 100 120 |1111122 eps=1/23 B=0123456
P 7 4 14 29 50 67 100 104 112 |1222122 eps=1/17 B=0123456
P 7 3 14 29 50 82 97 100 104 |1111122 eps=1/24 B=0123456
P 7 4 14 37 50 84 89 98 104 |1221222 eps=1/19 B=0123456
P 7 5 14 37 50 84 89 98 104 |1222233 eps=1/17 B=0123456
P 7 3 14 49 50 67 92 100 104 |1111122 eps=1/29 B=0123456
P 7 4 14 49 56 73 84 100 114 |1122222 eps=1/29 B=0123456
P 7 4 14 49 65 88 104 114 116 |1112223 eps=1/26 B=0123456
P 7 3 14 49 77 82 98 116 120 |1111222 eps=1/28 B=0123456
P 7 3 14 50 52 70 89 97 104 |1111122 eps=1/24 B=0123456
P 7 2 14 51 60 85 90 102 105 |1111111 eps=1/11 B=0123456
P 7 4 14 51 66 73 84 100 120 |1122223 eps=1/31 B=0123456
P 7 4 14 52 56 76 81 97 114 |1122222 eps=1/23 B=0123456
P 7 4 14 57 69 82 98 104 116 |1221223 eps=1/27 B=0123456
P 7 4 14 57 69 82 98 116 120 |1221223 eps=1/23 B=0123456
P 7 4 14 57 71 88 104 114 116 |1222223 eps=1/28 B=0123456
P 7 4 14 57 73 84 100 114 120 |1122223 eps=1/23 B=0123456
P 7 5 15 50 52 82 88 97 108 |1222333 eps=1/21 B=0123456
P 7 2 15 51 56 85 88 102 104 |1111111 eps=1/19 B=0123456
P 7 2 15 51 60 85 90 102 105 |1111111 eps=1/7 B=0123456
P 7 5 15 52 56 81 82 98 108 |1222333 eps=1/25 B=0123456
P 7 5 15 52 56 81 84 98 104 |1122333 eps=1/17 B=0123456
P 7 4 15 56 88 104 113 114 116 |1112333 eps=1/20 B=0123456
P 7 3 15 56 88 104 115 117 118 |1112222 eps=1/22 B=0123456
P 7 3 15 62 94 110 115 117 121 |2222222 eps=1/19 B=0123456
P 7 3 17 46 78 97 114 116 120 |1111222 eps=1/24 B=0123456
P 7 4 19 28 42 70 105 116 120 |1222222 eps=1/23 B=0123456
P 7 5 19 28 42 74 101 116 120 |1223333 eps=1/23 B=0123456
P 7 5 19 37 42 70 92 97 120 |2222233 eps=1/17 B=0123456
P 7 5 19 38 56 77 84 106 112 |1222333 eps=1/23 B=0123456
P 7 4 19 40 52 76 88 97 98 |1112222 eps=1/27 B=0123456
P 7 4 19 42 52 70 92 105 112 |1222222 eps=1/31 B=0123456
P 7 3 19 44 76 84 97 98 120 |1111122 eps=1/23 B=0123456
P 7 2 19 45 48 81 92 102 106 |1111111 eps=1/29 B=0123456
P 7 2 19 45 78 81 98 116 120 |1111111 eps=1/27 B=0123456
P 7 2 19 45 81 92 102 106 112 |1111111 eps=1/23 B=0123456
P 7 3 19 52 71 92 105 106 112 |1111222 eps=1/27 B=0123456
P 7 3 19 60 73 86 101 106 120 |1112222 eps=1/27 B=0123456
P 7 3 19 60 74 84 102 105 112 |1111222 eps=1/29 B=0123456
P 7 3 19 60 92 97 102 106 112 |1111222 eps=1/25 B=0123456
P 7 4 19 60 92 101 106 113 114 |2211333 eps=1/21 B=0123456
P 7 4 19 60 92 101 106 114 120 |1212333 eps=1/19 B=0123456
P 7 4 19 60 92 101 106 116 120 |1122333 eps=1/17 B=0123456
P 7 4 19 60 92 102 105 113 122 |2212333 eps=1/27 B=0123456
P 7 4 19 60 92 102 105 116 122 |1222333 eps=1/23 B=0123456
P 7 5 21 26 35 67 108 116 120 |2222333 eps=1/21 B=0123456
P 7 4 21 26 38 82 105 108 112 |1222222 eps=1/23 B=0123456
P 7 5 21 26 41 73 102 114 124 |2223333 eps=1/29 B=0123456
P 7 5 21 26 44 76 99 116 120 |1133333 eps=1/25 B=0123456
P 7 5 21 35 56 78 82 105 116 |2222333 eps=1/35 B=0123456
P 7 4 21 38 56 78 82 105 112 |1222222 eps=1/23 B=0123456
P 7 5 21 41 50 67 78 116 120 |2222333 eps=1/27 B=0123456
P 7 5 21 41 50 78 81 102 120 |2222333 eps=1/25 B=0123456
P 7 3 21 42 76 82 97 100 120 |1111122 eps=1/28 B=0123456
P 7 3 21 46 76 90 99 116 120 |1121222 eps=1/27 B=0123456
P 7 3 21 50 90 102 105 108 112 |1111222 eps=1/21 B=0123456
P 7 4 21 58 70 88 97 108 112 |1122223 eps=1/27 B=0123456
P 7 3 21 58 76 90 102 105 116 |1121222 eps=1/25 B=0123456
P 7 5 22 25 44 76 99 116 122 |1233333 eps=1/33 B=0123456
P 7 4 22 26 49 77 98 108 112 |1222222 eps=1/21 B=0123456
P 7 4 22 35 44 70 89 104 112 |1221222 eps=1/17 B=0123456
P 7 4 22 35 56 78 81 108 112 |1222222 eps=1/19 B=0123456
P 7 4 22 37 56 76 81 106 112 |1122222 eps=1/15 B=0123456
P 7 4 22 42 49 67 92 108 112 |1222222 eps=1/23 B=0123456
P 7 5 22 42 49 77 82 100 120 |1222333 eps=1/20 B=0123456
P 7 4 22 45 74 81 98 116 120 |1212223 eps=1/21 B=0123456
P 7 4 22 49 69 88 106 108 112 |1122223 eps=1/23 B=0123456
P 7 4 22 57 67 76 88 98 100 |1221123 eps=1/19 B=0123456
P 7 3 23 56 88 105 110 114 116 |1112222 eps=1/26 B=0123456
P 7 4 23 58 92 105 110 114 116 |1222333 eps=1/22 B=0123456
P 7 4 23 60 92 100 105 106 114 |1222233 eps=1/23 B=0123456
P 7 3 25 38 65 74 84 104 112 |1111112 eps=1/22 B=0123456
P 7 2 25 39 56 73 78 114 116 |1111111 eps=1/23 B=0123456
P 7 2 25 39 56 78 83 104 116 |1111111 eps=1/23 B=0123456
P 7 2 25 41 54 71 90 108 112 |1111111 eps=1/27 B=0123456
P 7 5 25 42 52 71 88 104 112 |1113333 eps=1/17 B=0123456
P 7 2 25 42 54 71 88 108 113 |1111111 eps=1/31 B=0123456
P 7 3 25 46 48 82 84 97 104 |1111212 eps=1/27 B=0123456
P 7 2 25 46 56 86 88 99 101 |1111111 eps=1/21 B=0123456
P 7 3 25 46 71 88 104 114 116 |1112212 eps=1/23 B=0123456
P 7 3 25 46 73 86 101 114 120 |1112222 eps=1/23 B=0123456
P 7 3 25 46 82 84 97 104 112 |1111212 eps=1/19 B=0123456
P 7 3 25 50 52 78 84 97 104 |1111221 eps=1/23 B=0123456
P 7 3 25 54 67 92 101 106 120 |1112222 eps=1/23 B=0123456
P 7 2 25 54 71 88 106 108 113 |1111111 eps=1/19 B=0123456
P 7 3 25 54 71 88 106 108 113 |1112212 eps=1/17 B=0123456
P 7 3 25 54 71 106 108 113 120 |1112222 eps=1/17 B=0123456
P 7 3 25 54 74 85 99 108 120 |1112222 eps=1/31 B=0123456
P 7 3 25 54 86 106 108 113 120 |1112222 eps=1/21 B=0123456
P 7 3 25 54 92 101 106 114 120 |1112222 eps=1/19 B=0123456
P 7 3 25 60 92 101 106 114 120 |1112222 eps=1/19 B=0123456
P 7 4 26 28 33 65 102 104 112 |1112222 eps=1/25 B=0123456
P 7 4 26 28 38 70 105 113 120 |1222222 eps=1/21 B=0123456
P 7 3 26 28 41 81 102 104 112 |1112211 eps=1/21 B=0123456
P 7 5 26 35 52 77 82 108 112 |1222333 eps=1/19 B=0123456
P 7 3 26 37 56 65 76 84 98 |1111112 eps=1/27 B=0123456
P 7 5 26 44 49 71 88 104 118 |1223333 eps=1/25 B=0123456
P 7 5 26 44 49 71 88 106 116 |1223333 eps=1/29 B=0123456
P 7 3 27 36 76 84 97 98 120 |1111122 eps=1/27 B=0123456
P 7 4 27 44 69 84 98 104 112 |1121223 eps=1/17 B=0123456
P 7 3 27 44 76 84 97 98 112 |1111122 eps=1/17 B=0123456
P 7 3 27 60 92 101 106 118 120 |1122222 eps=1/22 B=0123456
P 7 4 28 35 65 82 100 104 112 |1111223 eps=1/22 B=0123456
P 7 5 28 37 50 75 84 104 112 |1122333 eps=1/17 B=0123456
P 7 4 28 38 49 77 82 106 112 |1222222 eps=1/27 B=0123456
P 7 4 28 39 68 73 82 104 112 |1112223 eps=1/23 B=0123456
P 7 5 28 41 50 71 88 104 116 |1123333 eps=1/21 B=0123456
P 7 4 28 42 50 70 89 101 120 |1222222 eps=1/27 B=0123456
P 7 2 28 44 51 71 89 106 116 |1111111 eps=1/15 B=0123456
P 7 3 28 49 50 75 84 100 104 |1111221 eps=1/21 B=0123456
P 7 4 28 51 69 74 100 104 112 |1122123 eps=1/19 B=0123456
P 7 4 28 51 73 84 100 106 120 |1122223 eps=1/21 B=0123456
P 7 3 28 51 83 109 110 116 120 |1122222 eps=1/25 B=0123456
P 7 3 29 30 35 67 100 104 112 |1111122 eps=2/27 B=0123456
P 7 5 29 30 35 67 100 104 112 |2222233 eps=1/27 B=0123456
P 7 3 29 38 42 76 82 97 112 |1111122 eps=1/30 B=0123456
P 7 4 29 38 42 76 82 97 112 |1222122 eps=1/18 B=0123456
P 7 5 29 38 42 76 82 97 112 |1222233 eps=1/18 B=0123456
P 7 4 29 38 67 90 100 104 112 |1212223 eps=1/21 B=0123456
P 7 4 29 38 74 82 97 100 120 |1212223 eps=1/25 B=0123456
P 7 4 29 46 76 83 99 116 120 |2222223 eps=1/23 B=0123456
P 7 3 29 54 86 107 108 113 120 |1122222 eps=1/26 B=0123456
P 7 4 29 58 90 97 102 108 116 |1222233 eps=1/24 B=0123456
P 7 4 30 33 65 98 100 104 112 |1111133 eps=1/19 B=0123456
P 7 3 30 33 65 98 108 116 120 |1111122 eps=1/23 B=0123456
P 7 3 30 35 37 70 89 104 112 |1111122 eps=2/33 B=0123456
P 7 5 30 35 37 70 89 104 112 |2222233 eps=1/33 B=0123456
P 7 5 30 35 44 69 89 98 112 |2222233 eps=1/27 B=0123456
P 7 3 30 35 89 98 108 116 120 |1112222 eps=1/19 B=0123456
P 7 5 30 41 49 67 92 98 100 |2222233 eps=1/21 B=0123456
P 7 3 30 41 72 81 98 100 112 |1111122 eps=1/23 B=0123456
P 7 3 30 41 76 81 98 100 112 |1111122 eps=1/19 B=0123456
P 7 3 30 41 81 98 100 104 112 |1111122 eps=1/17 B=0123456
P 7 4 30 41 81 98 108 116 120 |1122233 eps=1/21 B=0123456
P 7 3 30 49 77 81 102 106 112 |1111222 eps=1/19 B=0123456
P 7 4 30 49 81 98 100 104 112 |1111233 eps=1/17 B=0123456
P 7 3 30 49 81 102 106 108 112 |1111222 eps=1/19 B=0123456
P 7 4 31 47 79 113 114 116 120 |2222333 eps=1/17 B=0123456
P 7 4 31 51 83 109 110 116 120 |2222333 eps=1/23 B=0123456
P 7 4 35 52 56 77 78 82 112 |1222222 eps=1/19 B=0123456
P 7 3 35 52 56 78 81 82 108 |1111221 eps=1/19 B=0123456
P 7 4 35 56 76 81 82 104 116 |1112223 eps=1/23 B=0123456
P 7 3 35 60 69 70 90 104 112 |1111122 eps=1/14 B=0123456
P 7 4 35 60 69 74 82 100 120 |1212223 eps=1/23 B=0123456
P 7 3 35 60 76 81 82 100 104 |1111122 eps=1/24 B=0123456
P 7 4 35 60 78 89 104 114 116 |1212233 eps=1/16 B=0123456
P 7 4 35 60 78 89 108 114 116 |1222233 eps=1/19 B=0123456
P 7 3 35 60 85 90 100 104 112 |1111222 eps=1/21 B=0123456
P 7 4 35 60 86 89 106 108 113 |2212233 eps=1/23 B=0123456
P 7 4 35 60 93 94 100 104 112 |1122233 eps=1/23 B=0123456
P 7 4 37 42 50 70 89 92 96 |1222222 eps=1/27 B=0123456
P 7 4 37 56 78 89 104 114 116 |1122233 eps=1/25 B=0123456
P 7 4 37 58 70 73 81 98 124 |2122223 eps=1/29 B=0123456
P 7 4 37 58 70 73 84 104 112 |1121223 eps=1/19 B=0123456
P 7 3 37 58 76 81 84 98 104 |1111122 eps=1/19 B=0123456
P 7 3 37 58 86 89 106 108 116 |1121222 eps=1/19 B=0123456
P 7 4 37 60 86 89 106 108 114 |1222233 eps=1/19 B=0123456
P 7 4 38 41 49 69 90 92 98 |2122222 eps=1/21 B=0123456
P 7 4 38 57 67 76 82 104 116 |1221223 eps=1/25 B=0123456
P 7 4 38 57 90 92 97 104 112 |1112233 eps=1/21 B=0123456
P 7 4 38 60 85 90 105 108 114 |1222233 eps=1/23 B=0123456
P 7 4 39 56 73 82 84 104 112 |1112223 eps=1/17 B=0123456
P 7 3 39 56 83 92 105 106 116 |1112222 eps=1/29 B=0123456
P 7 3 39 56 90 92 102 105 113 |1112222 eps=1/23 B=0123456
P 7 3 41 50 67 92 100 104 112 |1111122 eps=1/19 B=0123456
P 7 3 41 52 78 81 100 114 120 |1111222 eps=1/25 B=0123456
P 7 4 41 54 74 81 92 102 120 |1222223 eps=1/25 B=0123456
P 7 4 41 54 76 81 88 98 112 |1112223 eps=1/19 B=0123456
P 7 3 41 54 83 92 101 106 120 |1112222 eps=1/15 B=0123456
P 7 3 41 54 85 90 98 108 120 |1112222 eps=1/27 B=0123456
P 7 4 42 53 73 82 92 102 120 |1222223 eps=1/29 B=0123456
P 7 3 42 53 86 89 98 108 120 |1112222 eps=1/23 B=0123456
P 7 4 43 52 69 82 88 108 112 |1122223 eps=1/21 B=0123456
P 7 3 43 52 76 81 82 100 120 |1111212 eps=1/15 B=0123456
P 7 4 43 52 76 81 82 100 120 |1121223 eps=1/15 B=0123456
P 7 3 44 49 69 84 90 98 104 |1111122 eps=1/23 B=0123456
P 7 3 44 49 75 84 100 114 120 |1111222 eps=1/21 B=0123456
P 7 4 44 51 73 74 84 100 112 |1122123 eps=1/21 B=0123456
P 7 4 45 50 67 84 88 110 112 |1222223 eps=1/25 B=0123456
P 7 4 46 49 67 84 88 108 112 |1122223 eps=1/19 B=0123456
P 7 3 46 49 71 82 92 105 112 |1111222 eps=1/23 B=0123456
P 7 3 46 49 73 82 84 100 120 |1111212 eps=1/16 B=0123456
P 7 4 46 49 73 82 84 102 120 |1221223 eps=1/16 B=0123456
P 7 3 46 49 77 82 98 116 120 |1111222 eps=1/14 B=0123456
P 7 4 49 50 67 92 100 104 112 |1111233 eps=1/19 B=0123456
P 7 3 49 50 71 75 92 108 112 |1111222 eps=1/21 B=0123456
P 7 3 49 60 77 82 102 106 112 |1111222 eps=1/23 B=0123456
P 7 4 49 60 77 86 106 116 120 |1122333 eps=1/19 B=0123456
P 7 3 50 60 78 81 97 116 120 |1111222 eps=1/21 B=0123456
P 7 4 51 60 73 74 84 100 120 |1122223 eps=1/25 B=0123456
P 7 3 51 60 73 74 85 102 120 |1112222 eps=1/23 B=0123456
P 7 4 51 60 77 86 100 106 120 |1222233 eps=1/28 B=0123456
P 7 3 53 58 67 73 92 102 120 |1112222 eps=1/19 B=0123456
P 7 4 53 58 67 73 92 108 114 |2212223 eps=1/19 B=0123456
P 7 3 53 58 79 92 108 113 114 |1122222 eps=1/21 B=0123456
P 7 4 54 56 74 76 81 97 112 |1112223 eps=1/21 B=0123456
P 7 3 54 56 77 90 106 113 116 |1112222 eps=1/23 B=0123456
P 7 3 54 57 67 74 84 108 112 |1111222 eps=1/25 B=0123456
P 7 3 54 57 67 74 92 108 112 |1111222 eps=1/16 B=0123456
P 7 4 54 57 69 74 92 108 114 |1222223 eps=1/14 B=0123456
P 7 4 54 57 69 75 92 108 114 |2222223 eps=1/29 B=0123456
P 7 3 54 57 69 76 90 106 116 |1121222 eps=1/23 B=0123456
P 7 3 54 57 71 92 108 113 122 |1122222 eps=1/27 B=0123456
P 7 4 54 57 71 94 106 108 113 |2222233 eps=1/27 B=0123456
P 7 4 54 58 79 92 108 113 114 |1222333 eps=1/21 B=0123456
P 7 4 57 58 67 76 84 100 120 |1122223 eps=1/19 B=0123456
P 7 4 59 60 69 70 88 104 112 |1122223 eps=1/24 B=0123456
